img_publisher:
  ros__parameters:
    width: 640
    length: 480

ImageConverter:
  ros__parameters:
    marker_id: "O1"
    marker_shape: "DICT_4X4_50"
    cam_matrix: [299.26361032, 0.0, 324.93723462, 0.0, 303.22330886, 177.3524136, 0.0, 0.0, 1.0]
    dist_coeff: [0.11564661, -0.05059582, 0.00192533, -0.01093668, -0.03163341]
    left_pid_kp: 1.5
    left_pid_ki: 0.5
    left_pid_kd: 1.0
    right_pid_kp: 1.5
    right_pid_ki: 0.5
    right_pid_kd: 1.0